360
114
111
74
165
276
281
104
45
27
298
302
25
285
28
148
132
163
244
223
107
9
16
153
8
247
260
205
107
357
113
256
36
126
5
222
7
319
276
242
246
360
253
89
1
213
80
145
50
285
319
24
98
141
353
292
62
87
28
135
129
39
122
178
258
207
146
354
13
118
67
323
297
203
352
26
210
273
304
232
114
82
134
8
312
146
253
115
343
16
125
12
234
213
114
332
343
16
334
300
357
348
17
14
257
86
136
328
71
131
277
256
107
300
306
252
243
226
181
317
123
186
165
45
149
276
300
38
115
14
215
102
313
343
310
46
137
257
322
52
89
227
250
318
160
344
221
201
277
96
45
66
56
151
179
107
24
24
274
305
8
212
107
101
5
160
230
36
16
24
340
128
180
109
187
354
348
246
173
212
270
212
324
221
328
292
60
102
29
76
103
301
320
157
253
197
4
55
154
207
44
302
99
150
210
308
41
251
3
148
77
311
53
134
101
99
231
224
301
82
160
317
68
310
110
53
202
88
262
28
309
125
177
30
296
168
88
88
82
215
189
312
264
148
41
287
126
280
278
276
225
65
27
14
199
106
320
214
46
121
151
73
36
303
36
238
138
201
221
182
77
330
183
239
256
62
301
229
32
258
114
322
307
71
168
325
278
217
360
143
60
241
278
67
163
278
275
154
359
285
181
262
257
98
225
138
30
31
9
14
266
220
272
68
357
237
109
236
349
76
237
60
71
32
65
139
165
240
20
10
125
313
135
45
81
6
154
132
284
147
223
93
196
176
229
40
149
109
306
212
49
22
191
55
36
289
293
11
164
342
157
207
119
197
124
94
22
66
162
132
304
77
188
79
276
341
192
285
18
47
283
106
102
337
2
173
295
312
24
108
95
322
233
164
51
21
257
12
206
335
43
51
35
227
204
17
323
28
286
78
22
147
231
357
192
63
252
68
109
106
12
333
143
83
91
116
110
184
191
170
273
87
119
33
151
327
317
12
188
135
174
187
345
21
299
40
32
193
341
224
4
259
26
228
56
294
244
289
53
200
170
24
180
33
356
33
213
24
250
113
34
291
154
238
349
65
248
250
180
112
273
178
52
233
251
191
281
192
169
150
288
185
317
162
122
2
25
10
153
240
80
28
173
338
166
126
72
25
66
130
153
24
325
200
257
108
144
272
293
271
128
293
195
111
207
206
158
181
74
266
112
90
201
272
255
235
292
264
152
132
133
199
91
50
356
248
280
265
289
29
43
253
114
99
160
55
123
140
212
285
44
280
296
330
140
193
310
51
202
277
59
328
282
135
98
301
70
133
59
104
69
128
6
293
24
155
44
169
172
91
59
100
315
221
66
89
38
258
208
327
217
233
22
353
203
305
21
165
131
227
55
30
195
158
102
58
170
10
101
83
231
142
299
95
187
75
356
118
215
189
243
296
72
186
323
86
209
310
353
322
186
125
72
231
109
166
270
81
199
195
66
151
292
66
324
350
62
23
271
25
150
35
24
327
20
145
237
313
271
206
155
137
196
114
164
44
301
313
158
346
206
91
16
347
101
347
235
316
100
116
229
147
279
243
236
30
249
56
79
41
41
216
203
69
293
230
273
276
69
73
246
192
32
153
281
38
29
78
271
297
137
338
137
328
225
41
267
151
225
118
51
268
23
177
175
330
145
267
83
298
129
250
23
263
333
319
40
263
151
199
159
38
45
65
269
61
103
210
328
276
163
245
310
37
175
280
56
95
360
152
9
356
134
301
166
18
297
79
103
336
256
99
101
292
10
45
240
104
64
187
228
134
327
86
266
253
158
100
110
17
279
250
115
97
238
289
245
24
78
69
143
49
92
88
267
49
8
257
173
188
239
342
251
40
354
194
339
169
218
233
154
115
34
112
86
188
284
77
347
225
74
270
203
203
215
128
19
190
63
235
172
307
171
356
51
284
326
282
218
332
216
318
97
166
348
54
104
12
106
354
185
183
200
119
43
280
261
229
270
247
304
109
294
152
36
252
115
326
189
306
259
58
283
138
351
213
338
217
245
133
85
4
41
303
233
31
170
186
340
291
227
89
324
65
206
67
167
73
135
298
154
200
46
107
55
243
33
126
86
254
34
117
256
315
265
166
142
318
274
186
107
223
29
266
207
133
333
323
234
135
128
82
70
82
24
174
276
147
357
101
216
5
289
144
98
245
323
38
61
148
17
12
190
86
307
338
163
73
159
255
254
345
141
66
324
3
76
104
282
279
71
299
94
30
63
220
261
240
214
347
63
224
23
15
117
198
165
251
26
16
209
349
57
81
47
9
82
236
272
79
292
293
58
12
220
170
125
352
270
6
207
14
210
258
348
19
31
70
191
67
277
170
210
360
67
182
85
137
239
281
152
129
62
324
356
339
338
139
16
123
195
154
170
242
135
29
189
293
256
250
50
204
353
190
305
234
196
241
206
292
216
156
150
45
182
322
181
170
153
199
228
237
119
322
319
283
200
125
156
21
251
124
3
189
121
97
36
247
335
39
141
237
54
102
115
90
299
203
242
279
91
269
180
198
298
3
129
204
125
84
65
210
256
269
348
334
178
188
337
248
7
27
353
286
55
249
24
336
206
335
244
238
259
256
70
109
93
111
123
288
227
332
323
320
148
223
334
306
283
74
66
313
152
138
80
182
315
168
285
270
338
265
90
158
66
308
275
290
201
281
159
203
287
167
357
304
283
255
283
320
260
183
248
53
103
189
95
280
102
287
107
358
232
232
274
140
233
115
257
205
301
175
322
255
27
358
22
168
284
253
87
344
194
184
112
282
16
244
249
282
259
12
294
36
37
33
89
250
336
25
138
23
115
251
234
326
186
266
82
62
275
43
227
54
350
90
202
249
163
84
278
281
161
98
338
150
327
15
329
284
264
292
270
253
104
68
265
211
347
189
298
5
214
7
164
195
310
304
203
123
235
227
319
261
110
11
257
126
9
275
108
107
133
147
145
33
328
59
135
275
180
51
314
75
180
49
227
13
212
172
109
335
340
51
111
162
178
198
113
65
315
246
103
265
283
282
70
220
311
102
261
341
145
104
68
331
334
245
154
219
207
329
149
87
357
215
171
272
95
99
337
176
145
356
249
286
121
72
223
19
168
50
160
19
270
167
111
23
121
297
89
119
194
132
108
82
277
304
295
153
252
321
136
224
224
197
85
184
73
322
122
35
259
3
266
301
187
313
158
252
147
210
209
343
97
207
137
308
256
185
129
164
108
171
231
9
79
114
80
98
33
298
180
293
173
52
202
236
75
37
326
108
163
315
354
200
9
134
229
290
218
344
110
100
122
277
138
350
204
110
28
341
192
49
349
95
306
2
163
16
249
304
166
337
145
344
42
223
10
163
126
260
322
312
278
283
224
222
202
176
238
10
187
246
116
327
177
233
75
149
213
84
250
331
103
156
280
322
7
80
63
100
231
269
277
118
27
173
233
63
16
236
346
106
64
250
281
138
221
46
277
240
158
149
116
288
271
106
353
282
66
17
31
239
297
161
3
128
327
183
53
216
29
259
162
252
17
336
246
71
250
217
292
35
195
94
62
79
97
240
209
333
222
107
204
122
119
167
155
289
359
345
319
346
347
80
93
94
272
104
83
145
115
53
349
249
18
76
284
140
353
3
66
346
270
140
130
224
157
94
122
186
145
97
87
301
40
211
44
162
306
236
128
176
207
304
332
201
148
128
270
27
107
309
334
276
268
23
216
231
234
272
71
318
332
162
28
244
166
241
307
103
140
303
286
267
205
111
154
255
208
264
153
113
6
93
50
288
73
148
258
282
80
71
334
340
170
325
326
333
5
29
340
256
189
175
82
28
325
36
236
123
143
328
112
154
35
222
226
114
281
329
282
46
334
214
239
265
320
21
87
270
9
125
247
89
18
243
221
308
148
274
58
97
12
26
248
130
36
59
50
132
260
276
105
224
40
191
139
285
204
310
253
148
48
127
81
143
120
249
83
340
103
355
106
21
47
10
245
205
197
85
54
165
253
14
208
177
22
215
227
328
115
79
83
123
204
33
76
75
274
274
265
176
153
90
190
240
320
73
95
272
95
80
342
295
112
187
218
306
160
68
114
1
105
338
159
27
106
167
199
327
8
212
216
338
112
208
19
133
101
107
177
166
196
255
186
240
339
11
51
220
109
120
109
247
300
226
305
64
144
33
252
350
213
330
230
138
109
92
73
154
183
246
337
132
356
228
10
13
215
248
316
161
147
96
20
144
2
199
109
152
210
17
136
202
120
14
3
70
13
91
159
173
111
236
180
221
221
172
117
285
261
179
152
196
348
103
268
253
94
133
5
323
98
359
292
72
2
273
254
230
83
169
264
133
182
360
162
169
125
236
15
169
304
220
112
360
307
238
10
311
111
146
111
327
334
68
343
198
308
236
38
148
348
353
277
106
171
141
157
76
177
286
280
222
193
249
332
38
38
339
226
127
274
186
63
277
52
67
109
168
249
352
327
39
253
65
177
190
340
45
131
247
143
73
179
304
33
353
111
63
136
205
73
159
17
289
339
40
321
107
245
313
19
247
62
191
216
78
20
70
202
64
269
267
171
137
48
342
354
266
340
94
303
57
88
159
217
275
253
358
43
216
231
260
48
100
26
249
161
256
224
278
22
222
19
166
279
113
300
296
165
359
204
152
128
52
2
198
337
283
207
186
229
181
50
157
267
347
358
82
306
258
253
286
165
249
171
16
293
210
8
333
281
66
240
150
150
5
169
250
296
213
216
219
319
179
302
248
214
84
302
53
39
10
352
33
102
96
27
95
97
84
261
175
295
124
235
90
190
168
358
185
286
334
261
182
204
204
169
275
298
338
58
254
203
156
307
316
352
62
333
359
32
134
128
35
163
109
273
147
57
14
202
350
279
270
149
210
57
184
53
215
91
316
107
106
161
82
187
195
231
341
137
146
318
240
200
232
152
188
242
197
283
2
238
19
129
152
345
54
28
205
339
35
355
40
139
285
66
276
64
334
10
39
121
233
255
169
189
82
30
359
328
164
30
141
199
270
178
302
87
105
126
22
184
195
310
327
32
180
116
207
315
211
274
63
132
14
226
340
194
86
285
205
314
304
305
311
221
328
291
335
348
103
182
140
269
149
18
52
45
341
118
192
23
138
298
184
222
36
114
214
69
196
350
153
264
102
69
103
224
360
179
104
172
37
346
14
153
125
60
203
41
209
6
58
180
128
302
274
140
177
25
3
129
135
119
2
136
264
314
358
117
130
154
144
349
219
29
223
51
334
56
239
115
239
106
55
29
357
62
105
329
168
304
28
30
213
264
213
50
47
306
245
88
196
42
47
75
116
198
257
236
292
143
21
115
18
34
141
93
212
42
343
68
70
245
39
96
86
253
243
137
129
122
351
55
24
107
218
323
347
35
229
282
344
252
74
360
267
210
77
240
334
84
108
206
133
291
318
230
349
69
187
250
126
324
68
229
42
359
286
295
48
203
276
116
50
67
23
299
35
350
227
141
107
179
73
127
98
106
37
184
169
8
25
272
279
164
234
244
195
357
233
232
25
111
209
108
201
8
162
258
120
124
28
144
115
270
37
226
84
330
217
263
54
224
194
342
114
222
48
78
195
68
304
24
118
96
170
152
124
116
254
155
174
26
169
192
248
111
148
118
283
224
200
38
288
203
151
6
249
217
221
274
265
308
65
79
284
247
17
111
92
19
151
210
31
337
280
198
220
119
314
6
174
102
227
157
306
148
95
286
282
17
162
238
229
291
1
266
84
86
217
267
15
356
137
157
268
157
262
271
275
181
93
293
279
286
178
318
45
231
89
331
201
326
321
303
357
108
333
47
220
180
288
11
8
308
21
278
1
349
138
65
50
196
101
212
221
243
36
12
246
319
291
107
270
342
211
141
336
352
161
185
110
75
88
331
119
266
65
206
334
174
94
293
240
336
312
215
165
96
274
42
9
202
199
292
181
184
260
217
305
152
354
11
126
349
37
296
140
58
52
137
291
291
140
264
37
293
248
237
26
14
172
154
248
107
347
260
25
147
279
360
89
209
152
220
309
89
265
183
271
28
186
270
122
88
111
38
227
107
319
332
236
299
235
17
194
152
130
324
166
282
54
270
237
38
159
106
237
177
70
211
333
334
359
270
48
104
202
333
306
234
31
232
16
303
70
261
47
217
199
11
87
209
330
214
134
165
274
309
223
137
192
148
94
17
116
332
360
258
77
19
164
236
254
165
282
69
96
53
300
147
350
238
323
274
232
52
77
25
238
248
346
31
53
74
347
64
265
192
352
57
160
357
96
159
137
97
203
320
328
34
322
334
150
9
177
127
156
342
151
191
119
33
83
156
221
208
101
242
341
227
117
154
279
185
201
173
195
87
285
35
179
241
339
296
250
303
189
161
274
248
313
80
261
209
244
329
5
164
319
106
119
152
176
21
126
116
60
132
41
279
45
137
96
95
224
360
23
339
269
260
196
347
194
134
174
320
268
285
10
325
65
329
301
70
310
172
354
222
64
86
202
163
60
131
350
126
154
36
231
313
266
140
310
182
45
302
216
100
187
131
285
210
331
49
226
235
66
178
66
212
128
245
47
178
69
192
71
37
185
241
194
86
194
232
355
319
256
277
174
276
336
151
91
40
39
197
180
170
77
151
204
13
12
118
210
201
26
184
235
302
173
360
254
262
298
25
316
154
37
112
177
96
68
143
75
325
349
265
204
73
334
53
18
268
265
235
299
334
167
28
52
2
65
68
13
175
339
13
137
161
280
342
245
132
254
314
154
225
243
207
54
286
165
336
115
306
252
326
200
328
328
122
81
256
131
211
355
276
132
306
252
349
160
301
76
296
95
198
345
60
193
203
121
168
328
125
168
166
131
57
64
242
218
344
33
311
145
359
124
37
274
55
16
302
157
111
128
149
192
112
149
237
351
275
185
179
296
15
244
192
262
201
126
234
307
83
271
240
27
247
326
267
33
238
20
164
250
127
300
146
327
212
235
284
52
296
325
230
29
286
80
257
255
359
258
123
96
331
251
197
359
83
30
255
218
222
182
218
202
93
299
230
84
43
104
91
96
9
171
72
23
355
178
262
325
106
300
256
253
136
164
356
262
196
123
345
106
228
65
173
165
115
115
194
226
189
195
104
6
36
227
144
260
241
152
330
283
76
231
168
28
44
269
102
296
340
315
348
38
246
315
184
82
275
243
110
103
76
352
96
342
220
230
3
98
52
174
284
204
155
134
300
173
248
293
277
354
31
74
289
252
265
308
45
6
81
215
248
5
169
323
187
95
305
261
123
330
348
64
307
67
348
182
155
6
340
58
248
330
228
183
202
295
232
304
123
256
304
52
354
103
60
277
89
245
15
300
263
91
319
13
299
302
356
304
59
333
326
31
72
128
325
103
295
111
86
199
56
116
18
359
181
45
1
227
263
172
153
357
243
323
172
264
167
259
277
209
234
62
206
240
219
257
138
160
92
107
319
218
134
38
161
16
231
198
31
238
281
189
61
158
305
185
146
15
85
229
169
26
273
344
31
259
321
84
255
55
89
20
278
166
210
325
297
103
9
84
14
263
4
252
82
128
204
247
220
84
76
52
140
104
329
340
119
295
6
71
360
4
324
253
166
214
155
191
224
316
73
174
50
205
216
131
357
147
42
29
245
160
156
118
95
94
105
17
42
147
202
250
209
57
28
264
66
33
94
124
11
89
227
169
26
248
148
105
40
191
260
95
20
308
333
168
16
287
52
280
335
58
87
134
289
204
124
343
57
159
193
112
40
219
241
95
284
146
312
223
9
229
218
239
339
320
323
99
294
198
8
216
170
287
197
157
18
97
360
13
99
277
183
24
115
348
27
242
3
257
132
130
329
236
4
61
317
252
354
277
132
221
36
231
14
240
117
250
122
222
226
247
325
235
255
26
179
189
125
73
172
269
246
37
317
5
287
28
114
117
251
134
67
117
354
115
174
343
185
209
59
323
73
218
206
46
293
287
158
356
102
19
271
297
203
182
313
76
155
341
213
144
329
307
126
203
163
298
152
334
5
204
14
295
178
104
297
98
247
112
268
77
31
99
197
1
230
305
218
200
83
139
11
61
63
315
185
108
141
112
60
19
228
359
301
95
212
350
271
44
25
44
148
180
32
331
212
209
124
356
225
263
67
51
301
196
180
63
346
181
242
49
344
195
229
314
299
125
276
71
322
248
282
271
169
359
170
261
242
104
238
267
5
337
22
53
84
76
357
31
126
61
33
216
188
267
27
1
356
122
75
256
333
250
204
69
190
57
83
303
209
338
123
211
30
249
253
113
336
324
294
13
356
283
14
261
269
171
243
79
270
181
271
185
30
297
290
180
84
316
101
173
208
56
360
33
346
48
292
166
200
332
98
198
159
81
354
238
157
226
355
264
76
128
119
116
174
79
326
4
105
342
289
231
127
353
281
108
125
179
301
265
158
63
201
281
168
6
66
301
149
288
266
331
167
241
126
43
149
27
306
183
227
290
206
98
83
11
247
356
16
228
68
195
341
61
338
315
90
225
98
301
252
131
127
72
50
177
208
172
291
87
343
60
352
153
243
300
90
56
240
354
185
27
173
45
97
142
251
106
24
64
264
274
25
345
217
167
256
154
106
332
33
84
330
137
266
339
244
161
232
223
81
318
239
215
236
288
199
116
96
67
94
156
135
313
247
154
152
233
327
320
221
257
62
106
31
53
167
283
289
148
15
29
287
294
74
359
238
38
320
168
30
243
204
176
293
52
324
357
77
338
108
53
73
354
20
178
326
333
67
249
147
214
143
190
306
189
74
27
343
38
172
271
276
201
241
190
103
16
23
31
19
35
317
148
263
249
72
75
214
121
105
225
284
326
202
36
326
114
10
96
296
135
305
307
89
132
188
35
92
284
281
134
348
102
335
199
106
271
293
60
358
225
261
323
273
218
234
123
90
233
275
250
272
19
261
11
191
46
118
210
128
260
279
260
53
100
56
234
166
89
336
331
275
191
356
221
27
334
245
140
7
227
163
230
13
179
90
298
105
101
184
56
172
165
6
262
263
252
244
300
211
203
245
95
262
26
137
127
239
323
11
325
307
192
177
39
315
112
339
268
20
122
129
160
222
203
71
78
349
298
94
125
106
199
289
342
200
299
299
211
173
335
338
271
290
71
174
273
312
233
268
304
319
65
73
26
38
43
53
135
48
13
215
19
96
343
312
211
141
242
244
180
228
292
256
248
1
198
180
74
252
294
260
98
6
272
322
253
99
66
231
203
76
110
270
240
54
30
32
3
104
18
171
360
17
230
77
268
174
15
236
151
176
244
309
202
96
305
337
71
27
313
18
145
244
293
186
172
219
19
67
21
279
114
359
142
290
187
140
299
143
157
60
132
75
233
156
78
51
129
212
142
307
312
128
209
50
111
126
242
201
271
152
332
170
230
104
212
157
332
264
305
56
31
313
235
146
25
22
80
195
177
131
227
301
236
206
199
268
111
134
207
130
245
60
333
181
232
351
223
258
167
198
127
43
225
144
307
314
344
21
319
129
130
57
133
6
285
123
174
185
249
193
168
205
156
212
47
270
233
186
265
172
316
144
11
94
196
179
230
194
35
231
28
90
203
78
225
132
308
66
316
138
353
223
328
138
39
330
22
147
132
155
57
147
154
25
130
287
136
360
292
27
292
157
2
271
185
15
276
180
152
153
307
21
4
243
288
360
125
285
295
109
98
91
21
21
241
100
275
267
335
170
319
105
160
34
291
289
225
327
127
96
174
84
290
102
134
47
187
98
245
162
186
179
144
352
50
94
279
9
133
178
39
167
310
24
225
214
306
288
136
219
91
152
48
108
223
316
117
89
113
227
168
154
199
242
220
34
227
297
67
23
137
239
199
152
197
50
194
243
239
50
246
334
156
184
203
103
47
339
111
128
263
209
358
263
280
19
58
179
277
30
58
293
100
103
210
168
215
268
289
33
207
17
346
327
318
333
62
221
325
313
129
310
103
83
229
334
197
28
156
347
179
45
127
340
119
136
303
267
55
238
179
287
163
97
31
76
118
72
252
279
42
49
44
91
134
155
303
312
161
98
331
182
54
17
222
36
318
103
93
262
231
284
302
188
94
305
27
180
205
119
35
5
242
112
35
185
209
125
21
157
165
159
38
306
106
322
330
21
306
64
96
194
352
199
207
323
245
290
285
263
9
308
294
218
17
183
182
75
189
75
205
51
51
266
299
112
165
155
271
109
134
13
310
335
312
295
237
61
221
286
237
287
103
93
178
236
256
218
102
199
82
297
352
16
70
172
74
209
156
283
39
326
319
4
135
55
294
333
217
152
22
289
269
84
291
132
351
43
175
160
21
183
292
93
106
54
156
127
175
352
334
72
310
22
180
121
67
202
164
75
342
14
83
232
121
254
239
276
272
135
293
99
334
29
127
350
180
210
19
241
193
190
123
196
57
259
133
353
219
49
290
358
59
109
175
195
89
76
157
40
221
36
149
152
162
185
134
66
350
318
64
97
74
285
320
146
57
98
338
275
62
119
121
147
242
74
341
151
224
130
97
39
44
217
122
209
293
321
335
104
220
33
288
262
156
360
246
309
309
201
71
335
43
126
315
2
29
170
120
191
31
236
299
116
151
26
26
109
316
284
80
194
130
18
104
141
24
217
272
8
204
343
110
68
130
223
171
246
23
72
263
262
295
55
313
92
93
151
196
268
328
246
20
153
53
208
143
155
44
279
90
225
87
51
349
26
231
315
317
217
249
264
355
312
123
317
356
26
316
166
195
274
219
162
142
140
183
57
186
142
36
252
187
328
143
266
315
38
234
235
302
80
236
64
192
229
161
173
216
105
6
35
149
202
223
1
97
275
157
229
322
144
90
37
296
308
43
314
174
194
148
70
356
17
330
130
172
64
279
18
314
21
71
235
268
215
182
309
9
212
21
109
100
137
219
148
111
85
112
224
152
312
199
266
199
160
298
322
169
245
92
271
157
198
177
167
319
273
178
17
307
270
66
135
251
317
300
45
234
314
355
196
124
202
347
68
151
197
80
45
222
234
107
330
257
140
183
337
181
330
156
91
169
159
100
300
233
243
9
81
282
168
71
83
355
271
289
162
163
258
94
291
74
331
179
135
322
351
50
191
134
272
123
221
72
233
272
216
251
123
35
51
120
349
156
47
98
172
236
273
10
26
82
20
247
334
299
288
185
268
28
101
161
221
191
288
320
345
29
246
11
21
160
293
136
81
320
360
132
194
4
245
200
109
4
268
86
257
121
349
68
98
347
138
232
172
204
44
85
130
104
148
26
224
163
265
111
112
148
23
11
224
105
312
93
233
76
144
261
115
269
262
202
20
253
138
95
76
31
88
30
26
195
250
202
261
186
146
262
297
333
12
110
151
240
97
56
354
166
89
50
331
87
316
175
147
3
3
5
97
352
134
9
317
353
313
92
351
158
183
336
226
208
160
36
345
334
18
229
101
332
309
114
154
91
156
5
17
138
165
176
76
127
19
228
42
54
209
147
80
177
352
128
131
237
164
166
220
232
315
211
25
317
32
25
341
111
123
201
226
330
108
309
319
266
262
309
267
197
129
74
269
207
213
251
60
293
72
162
237
233
111
78
303
200
303
257
214
306
24
99
339
280
325
47
308
40
311
31
83
71
349
317
249
335
220
52
173
103
11
191
28
56
163
54
105
224
323
220
282
323
291
79
10
180
22
273
85
293
240
37
183
77
210
127
79
135
326
123
1
342
221
15
259
256
342
127
94
350
235
353
6
7
193
360
29
258
319
88
26
83
282
57
321
186
74
279
104
258
13
150
61
111
74
277
11
227
242
162
29
265
294
3
36
164
134
182
248
12
51
112
58
273
63
153
57
179
323
337
59
296
31
54
72
242
206
243
290
217
327
151
176
138
321
310
337
128
302
202
299
261
189
322
336
322
268
278
305
247
68
37
280
331
119
194
288
269
259
214
167
286
125
88
155
312
196
118
218
30
177
204
309
340
9
148
125
29
227
222
194
297
25
22
34
144
271
302
238
262
230
16
299
181
145
80
238
110
203
184
343
348
47
314
225
190
287
177
53
253
23
93
38
1
95
28
8
274
225
170
69
264
99
22
156
283
225
356
186
104
201
282
153
169
69
211
209
23
250
137
327
125
236
87
238
204
326
281
259
24
126
282
216
85
250
82
58
214
73
259
86
321
125
196
196
322
35
237
68
113
328
177
2
164
126
227
324
247
213
98
315
33
161
8
115
86
160
25
224
216
178
336
236
112
204
104
60
266
170
113
271
270
288
41
285
301
189
249
193
45
104
56
242
185
147
19
176
267
273
264
333
208
233
164
48
135
200
10
15
309
30
85
121
270
58
33
70
162
337
188
176
48
140
115
142
286
301
75
191
328
305
98
32
6
131
98
300
307
89
64
96
17
196
10
129
273
105
66
152
260
169
208
138
12
178
210
346
195
145
232
133
197
70
114
138
318
17
86
344
316
86
261
336
357
47
339
166
183
248
227
283
127
289
286
74
23
148
173
334
131
246
217
176
191
40
181
302
278
305
117
315
243
29
182
307
224
160
73
262
231
194
217
308
47
91
88
192
165
227
352
327
282
46
219
24
43
270
231
205
87
188
22
46
190
184
74
145
34
238
71
255
55
112
41
148
224
256
10
136
53
131
261
280
55
237
255
314
154
328
46
72
354
113
55
13
315
130
286
61
165
12
11
156
32
5
94
327
294
174
307
9
270
195
264
191
33
221
346
128
18
86
254
165
254
339
261
212
331
124
357
217
290
299
330
230
272
155
254
113
277
294
333
180
276
262
125
217
352
33
47
331
34
324
294
108
116
222
57
202
93
184
319
8
180
219
270
317
41
258
296
22
217
16
238
250
242
301
351
127
262
258
278
248
204
10
90
181
293
287
10
226
9
278
177
299
295
24
13
234
23
178
155
355
25
74
185
228
147
297
290
242
153
9
137
326
232
313
2
187
240
108
105
281
358
296
48
16
216
7
123
219
266
328
270
169
103
58
51
70
13
217
142
31
25
35
77
218
161
77
17
192
76
53
273
116
343
78
52
121
95
103
249
13
360
40
237
219
116
189
322
92
220
249
225
274
148
50
71
161
55
236
162
68
24
73
232
267
310
301
343
10
359
21
36
240
264
150
313
136
198
118
137
297
233
70
150
346
136
252
131
16
103
161
108
3
151
227
335
334
202
202
209
265
224
119
320
280
134
18
175
125
53
241
182
280
353
94
108
90
4
189
224
334
226
180
125
53
235
336
297
252
207
245
319
195
214
298
247
10
347
31
75
47
210
226
4
173
216
354
96
76
21
284
265
248
231
176
265
321
203
114
284
78
195
7
82
298
295
243
152
344
359
302
265
142
243
320
310
129
320
109
66
164
338
152
179
121
301
5
179
72
90
3
206
331
230
6
72
59
117
231
25
135
11
236
95
58
359
272
12
181
357
270
300
181
262
108
252
142
49
134
292
121
55
188
349
338
118
250
253
318
56
51
180
349
44
303
173
224
360
248
147
260
278
231
302
169
92
87
114
154
47
339
251
281
159
162
112
224
51
9
40
219
87
332
338
236
150
109
226
165
313
190
57
290
199
340
207
54
51
226
344
317
185
188
267
181
301
329
261
25
284
10
4
207
52
16
155
230
29
310
262
338
205
154
43
75
17
276
206
161
69
273
296
357
300
138
56
5
233
199
21
358
32
14
277
144
247
153
13
115
38
69
298
167
276
136
77
177
191
156
65
108
141
38
253
159
189
280
243
114
203
178
118
12
179
234
313
189
10
181
204
136
96
80
80
24
190
139
147
287
300
122
271
25
111
28
165
64
305
11
95
26
48
250
63
214
245
284
194
7
57
258
136
92
70
83
241
74
193
311
31
269
91
168
150
174
286
182
47
345
110
325
156
351
67
303
14
331
353
272
255
273
335
101
54
269
179
120
28
127
184
53
159
135
50
298
75
308
166
80
38
314
352
157
82
303
72
349
170
46
24
295
158
282
135
339
287
15
356
195
70
22
242
112
122
60
48
45
61
198
262
337
142
167
338
72
1
129
248
126
47
218
42
38
168
56
101
299
94
156
17
171
114
30
13
206
119
329
39
119
228
302
61
277
47
106
213
12
334
57
270
116
9
192
107
356
116
89
258
117
224
214
92
65
104
312
239
290
31
331
245
243
44
355
69
121
314
155
144
286
312
285
273
101
223
186
75
303
245
156
24
135
303
173
170
353
169
356
302
300
318
212
219
215
170
65
355
34
210
146
305
82
201
90
9
98
10
190
186
285
197
223
188
51
101
158
270
111
62
201
321
23
114
127
35
279
268
165
64
336
10
96
163
283
325
10
177
83
221
166
211
11
277
359
253
356
6
158
47
86
20
337
82
109
108
42
358
32
19
202
163
91
86
189
263
283
258
133
135
50
327
237
182
94
165
216
282
253
133
331
346
88
291
242
320
152
125
259
198
266
203
342
201
140
329
168
113
65
95
193
246
170
187
304
99
76
304
257
303
225
109
38
14
45
251
241
177
262
250
262
300
109
112
90
40
355
123
319
61
168
90
9
327
177
225
90
141
176
208
262
341
185
138
345
188
340
5
164
219
251
58
88
267
233
358
11
112
213
313
123
135
225
353
69
119
220
270
192
208
23
280
161
211
359
271
305
166
155
15
160
64
164
270
26
72
6
144
105
329
297
234
6
258
184
269
302
38
87
2
180
352
113
328
273
30
319
67
131
275
249
140
312
248
241
18
208
319
115
292
350
304
255
165
322
207
171
100
61
203
18
83
213
130
237
356
324
6
54
115
177
343
337
47
102
178
341
296
64
221
233
311
96
16
84
17
36
334
120
102
102
355
235
113
41
137
236
147
72
229
154
240
75
18
111
330
80
90
234
325
40
136
328
167
198
131
351
88
293
226
59
52
123
24
221
111
56
239
227
209
19
144
339
308
137
87
144
218
29
331
2
18
306
219
172
334
338
238
248
121
151
333
6
68
127
23
292
326
226
38
54
35
114
65
144
348
47
159
140
129
38
262
19
268
76
236
197
261
242
204
20
225
201
242
178
308
266
182
45
71
59
241
213
2
229
241
181
65
359
199
19
50
312
196
330
159
266
293
92
339
82
70
71
118
181
155
357
217
248
218
280
267
99
234
105
81
171
138
354
195
326
66
112
217
165
357
199
320
163
139
7
197
287
281
298
179
342
158
301
64
303
90
339
42
347
112
195
120
141
181
186
317
117
324
351
300
198
47
189
134
169
175
57
255
226
10
212
94
161
83
125
120
194
335
289
338
265
76
43
313
135
303
19
31
322
91
209
43
103
335
211
47
245
299
277
323
148
311
97
108
102
222
31
346
338
267
170
20
324
10
304
276
174
174
140
360
128
330
215
151
74
103
37
304
229
289
349
10
303
6
120
330
14
266
296
85
163
273
44
293
83
292
331
100
263
19
71
14
64
168
3
218
322
108
57
114
244
194
60
149
21
347
225
152
116
246
36
194
343
85
88
164
154
171
204
114
106
17
69
87
93
324
194
187
324
341
347
145
302
111
298
237
109
198
46
162
193
317
279
28
101
338
292
316
211
353
227
286
337
259
135
258
309
268
137
328
226
208
294
177
319
340
5
14
284
316
14
334
26
174
51
354
155
281
271
163
285
28
69
165
135
176
26
90
209
103
32
107
65
167
68
233
95
164
155
89
135
173
37
30
284
4
39
278
315
39
117
189
90
154
132
101
181
210
333
352
151
181
92
335
291
227
253
33
36
45
319
77
351
152
49
99
10
18
243
103
232
172
49
336
74
240
116
22
241
139
113
270
118
47
156
170
74
190
109
245
164
61
223
288
263
18
281
359
31
104
43
86
248
328
336
16
30
302
263
182
59
279
96
267
359
345
33
125
217
212
151
27
145
71
353
14
255
88
242
72
301
358
224
282
40
67
156
135
86
305
302
269
5
306
317
127
202
38
103
256
214
155
15
102
171
199
264
54
111
121
78
338
52
74
270
54
159
87
296
176
143
64
86
195
222
141
46
322
39
346
151
353
96
27
267
36
295
4
120
262
313
292
162
198
292
230
315
44
325
360
199
300
351
286
203
145
4
296
148
110
233
294
89
335
43
174
164
325
176
16
351
15
325
63
69
326
33
150
8
72
179
92
189
70
235
96
312
284
359
290
116
344
194
31
261
241
187
188
356
340
61
311
215
297
242
71
268
239
80
206
109
333
237
15
248
213
42
342
37
91
32
192
290
3
35
112
22
46
195
255
187
65
66
348
185
280
213
153
296
67
84
34
269
141
163
204
140
166
307
168
3
207
220
332
129
245
353
339
329
254
268
27
269
352
133
191
172
348
263
59
125
16
232
321
291
109
190
193
200
240
284
352
169
231
294
103
118
269
133
188
102
145
238
322
171
28
293
196
315
313
294
143
238
305
102
90
181
267
132
7
12
126
118
102
36
185
267
277
13
338
166
267
142
307
157
335
187
170
94
152
9
19
230
20
198
22
196
163
108
76
92
192
306
215
236
111
45
194
256
172
358
201
250
36
6
319
352
46
110
299
264
239
65
39
198
231
291
349
136
92
71
114
1
108
282
19
38
78
283
285
280
52
124
146
12
39
244
151
6
55
168
329
37
39
82
103
287
57
75
131
344
222
170
147
251
66
79
64
135
155
331
272
154
314
300
220
306
283
221
178
276
63
99
64
228
123
50
156
168
261
329
194
209
175
351
127
344
140
170
316
213
237
91
354
138
132
162
26
6
149
256
288
58
302
171
265
169
89
332
280
331
218
12
202
359
182
169
51
79
273
109
183
188
321
49
125
118
260
94
209
284
14
62
297
38
176
288
179
212
58
139
259
35
1
53
355
35
350
223
149
246
172
355
90
107
144
58
143
198
140
240
45
326
73
342
175
62
248
201
106
110
25
218
338
343
41
197
152
91
55
248
126
6
341
15
104
26
143
139
135
154
117
64
23
14
113
12
243
119
260
83
186
39
202
79
306
141
313
324
315
79
196
75
137
304
337
37
169
111
21
28
176
273
174
67
264
59
221
95
23
210
358
340
91
277
210
216
360
25
87
96
287
328
30
160
297
59
316
333
56
279
167
354
161
18
89
166
280
327
304
140
60
164
331
280
119
323
262
274
149
211
193
18
127
188
341
134
317
15
341
117
332
135
214
261
16
255
84
194
242
121
143
207
57
215
14
270
71
347
37
86
90
198
333
338
343
59
274
132
68
59
15
8
350
234
274
349
116
103
232
336
53
217
54
112
61
119
133
254
44
69
105
131
272
341
348
326
73
103
54
266
346
103
5
38
324
99
187
143
242
123
276
231
315
127
64
351
166
286
286
198
92
103
67
186
32
125
204
167
94
207
252
308
223
306
50
311
134
359
237
2
257
293
107
144
128
220
158
169
75
166
325
180
100
281
138
34
234
43
314
199
123
109
273
32
345
58
314
273
205
10
126
313
75
92
173
223
27
149
204
1
127
70
170
42
182
268
204
117
222
88
66
25
182
357
245
320
329
57
116
223
253
134
170
109
229
27
113
291
182
126
54
96
240
78
342
11
319
326
39
125
305
194
302
250
182
252
244
35
41
102
201
319
334
333
258
208
141
347
281
144
194
89
236
235
51
233
191
228
7
132
211
12
134
229
290
188
127
242
32
222
94
237
45
93
141
290
198
13
92
293
348
256
55
171
100
148
139
213
154
305
88
40
106
130
139
358
275
195
237
71
315
16
106
41
184
105
213
160
38
278
248
257
239
287
175
168
156
9
90
79
231
259
249
47
232
22
169
290
270
43
339
104
105
15
322
321
344
41
209
39
263
171
288
215
32
325
78
178
15
113
260
68
133
194
9
95
30
357
209
66
299
270
70
45
323
106
120
256
138
249
157
9
344
292
82
106
43
311
316
104
158
292
344
135
288
114
269
9
148
347
4
263
194
285
200
323
302
191
235
258
16
81
144
307
153
67
57
258
288
222
258
240
122
88
59
54
294
75
169
211
101
31
270
136
170
246
308
240
9
34
339
274
58
118
102
41
352
16
347
311
257
360
65
233
74
360
306
138
358
260
52
219
243
240
306
204
227
287
169
18
146
28
28
349
312
251
259
163
299
18
89
240
205
333
339
172
49
4
358
181
113
90
64
124
203
348
37
202
32
295
99
187
188
66
145
170
271
148
53
287
168
351
182
257
47
71
13
31
245
351
35
172
160
208
39
289
42
350
281
37
242
308
94
266
343
302
322
183
305
53
285
247
188
97
30
220
93
280
247
71
234
324
219
11
138
108
29
106
317
16
172
198
56
193
314
207
296
147
139
351
244
75
359
23
313
294
33
114
22
357
39
69
209
227
244
231
280
216
219
12
239
277
115
100
83
188
214
166
309
16
163
275
266
148
11
333
338
117
17
46
26
330
328
216
89
258
177
182
143
63
138
57
261
96
19
172
211
24
114
204
60
108
350
272
306
41
299
127
212
157
169
176
333
96
351
95
244
210
66
172
58
201
359
141
248
1
190
240
181
271
314
163
266
181
115
52
199
131
75
243
49
223
270
98
104
273
252
299
319
351
59
347
254
73
356
82
102
89
90
164
325
242
83
83
345
272
178
355
163
63
19
193
277
234
19
152
43
268
284
316
146
111
117
154
127
269
24
208
318
187
298
313
11
250
255
323
136
66
173
349
80
298
41
69
113
87
212
190
34
130
215
37
186
293
41
334
234
55
199
131
51
313
263
289
165
317
50
289
345
274
312
205
185
71
70
274
86
54
84
288
61
14
236
247
291
78
71
67
325
147
10
41
188
80
284
74
246
129
105
34
308
124
168
216
325
139
267
139
190
345
151
211
353
307
291
261
99
163
326
1
250
32
340
198
3
227
354
2
282
121
200
304
194
318
221
122
325
78
314
101
297
218
53
28
70
356
37
64
206
241
76
69
155
204
65
104
220
36
187
234
299
295
358
58
245
285
45
38
225
52
250
300
201
298
185
125
167
134
65
100
348
102
359
268
21
137
41
62
307
223
164
114
346
344
110
118
315
306
156
127
322
210
76
66
127
354
286
341
207
179
118
259
25
303
360
207
185
85
211
275
11
147
145
291
218
14
98
46
326
53
252
19
248
232
63
248
9
342
198
272
53
185
103
160
119
313
178
205
110
196
197
269
52
118
325
134
219
102
301
326
294
232
187
237
187
97
224
262
222
345
12
247
104
153
64
163
244
93
98
28
288
267
42
70
279
163
2
90
34
5
46
244
305
253
303
334
288
165
71
137
145
77
126
209
65
250
101
175
18
80
113
250
200
265
68
134
263
216
100
360
91
307
187
338
103
216
76
125
331
345
109
138
217
155
325
266
213
252
191
3
297
257
23
35
49
94
232
320
237
256
156
27
130
266
356
53
240
50
281
63
37
288
223
103
149
170
267
78
190
26
170
280
148
185
17
175
191
179
92
159
143
325
197
67
71
286
184
340
30
17
301
145
200
38
107
263
134
226
42
119
83
91
156
156
302
25
5
293
123
214
250
31
145
70
125
164
180
350
58
135
151
358
257
191
31
9
147
162
203
239
105
59
303
106
53
284
235
226
109
74
160
261
16
144
305
243
339
181
77
284
296
159
88
7
242
253
77
144
186
285
286
163
349
322
355
113
229
201
134
360
255
34
354
310
143
215
17
177
50
265
181
45
71
118
316
288
332
158
115
299
212
213
91
123
267
344
248
335
258
207
188
12
276
19
184
261
141
85
210
43
206
277
257
270
6
25
42
251
255
18
89
242
261
292
228
338
257
78
128
95
152
63
262
73
91
359
350
257
33
314
131
351
212
23
152
340
96
287
301
241
69
205
140
338
41
290
351
299
202
196
177
55
7
335
122
274
53
314
353
156
118
351
222
336
360
340
158
218
190
240
303
180
73
18
3
140
154
327
85
345
116
354
72
184
300
5
230
270
75
310
344
276
99
94
114
183
209
291
315
263
221
348
150
303
184
233
52
4
130
219
129
220
337
243
270
13
25
122
234
248
212
102
36
92
188
239
80
170
211
279
12
179
202
300
181
265
337
235
18
149
75
132
151
109
331
15
185
278
252
89
339
174
234
248
38
345
228
266
103
260
154
64
243
293
78
115
207
180
154
148
321
14
40
356
33
342
56
112
219
246
188
212
48
149
233
7
359
345
3
209
226
152
270
151
148
218
154
237
207
283
164
321
174
237
63
237
94
149
14
38
249
326
32
342
81
171
255
106
39
172
64
265
104
318
94
124
351
326
72
214
32
164
314
28
283
238
270
252
283
140
180
194
27
150
329
250
202
9
281
309
11
270
188
243
171
116
318
133
26
185
44
204
308
296
301
135
304
241
239
207
171
315
2
25
28
219
288
159
17
317
8
77
263
40
18
250
307
350
137
261
207
277
52
242
159
315
25
344
54
176
96
189
143
288
177
10
48
234
110
273
223
253
143
25
140
60
136
210
22
157
34
246
295
72
212
140
215
222
187
324
226
346
155
148
51
158
299
24
81
20
251
341
240
218
280
89
57
93
99
296
76
31
305
219
260
38
357
213
64
351
347
53
85
45
299
154
250
301
176
308
227
279
351
320
266
328
267
35
359
310
34
11
173
307
4
51
27
273
279
151
183
233
249
268
17
80
255
138
259
56
306
310
246
203
106
57
239
97
275
145
132
110
253
346
260
56
246
112
302
232
257
340
223
239
53
58
298
25
288
261
75
47
325
62
25
160
119
235
190
247
201
249
289
358
325
164
203
7
40
50
349
298
254
244
56
47
173
252
126
236
67
90
39
255
131
297
134
217
228
72
159
248
253
264
350
295
45
305
107
317
85
300
91
213
254
195
119
223
243
360
203
260
248
275
239
339
13
158
122
306
70
229
147
141
347
120
199
131
253
118
51
236
167
123
187
21
359
219
48
260
147
237
297
191
144
200
121
289
321
29
91
107
260
339
121
72
179
191
299
5
324
85
131
61
39
354
298
98
105
266
106
348
286
93
274
254
11
120
3
336
21
325
35
26
35
183
321
303
219
163
84
181
249
109
312
256
174
70
317
191
260
93
291
314
311
94
217
225
219
358
328
113
92
305
216
280
319
62
143
156
217
83
222
132
313
155
225
215
114
251
252
164
275
268
207
245
84
270
291
132
84
77
128
246
247
145
49
354
47
228
31
1
15
320
263
158
285
272
243
323
298
174
196
101
291
31
233
119
239
62
158
65
12
356
121
324
96
162
306
263
31
339
185
124
283
67
171
360
180
229
187
287
37
253
351
215
298
91
228
181
35
103
49
209
272
64
18
61
136
247
331
2
336
75
143
289
161
256
306
230
241
134
79
69
290
172
148
299
90
192
293
125
81
228
358
293
214
128
77
228
40
218
85
184
4
63
321
312
326
249
79
250
237
138
52
309
21
33
174
352
172
232
239
284
7
316
200
105
234
92
77
205
243
313
179
330
41
227
246
307
21
60
342
249
201
6
349
237
233
354
280
247
55
153
333
297
277
284
96
233
175
325
26
251
176
318
332
9
115
203
194
343
254
292
348
249
306
41
72
115
349
322
260
313
166
125
207
62
284
328
87
73
135
240
35
133
200
289
348
238
237
320
198
333
304
321
264
70
224
290
239
85
83
123
152
351
179
254
197
97
21
333
82
134
240
351
12
196
207
300
180
143
242
285
101
330
179
31
273
119
196
183
103
313
50
253
92
40
88
116
59
159
148
237
332
320
274
12
187
201
192
314
228
108
303
179
116
348
124
214
291
197
161
115
215
279
199
247
181
136
23
335
164
189
299
6
2
64
296
216
248
58
287
163
160
185
64
23
196
313
30
76
210
172
42
102
109
248
170
269
288
29
354
141
100
234
169
176
39
81
6
257
114
180
138
248
344
149
133
29
15
170
158
331
286
341
116
82
313
240
14
318
305
253
307
156
236
155
340
20
354
225
224
280
90
269
10
203
180
43
209
287
55
146
274
86
129
247
81
224
30
14
275
148
59
320
75
82
249
334
69
311
22
225
126
39
161
322
136
88
145
92
33
167
108
215
304
151
70
300
185
135
241
74
279
324
127
69
165
65
342
195
249
211
268
241
357
154
212
21
229
148
287
149
239
355
258
257
288
301
75
190
52
246
112
15
136
193
180
214
209
77
89
218
79
354
26
141
339
39
326
108
323
304
114
318
124
37
126
158
199
53
84
29
169
204
32
114
112
70
355
78
221
164
358
92
180
333
120
271
228
332
342
66
247
279
94
83
294
319
307
318
342
277
104
119
211
59
356
115
266
251
19
17
234
49
256
260
24
9
56
156
260
8
116
49
136
172
218
51
153
14
273
203
74
116
279
46
106
312
353
129
343
38
1
239
111
278
115
310
117
152
205
124
335
240
199
158
180
219
340
310
150
292
59
243
285
269
245
181
223
46
89
278
16
286
257
204
208
207
299
229
109
101
298
108
215
144
113
81
166
62
358
128
349
121
275
355
181
209
228
22
91
252
129
240
278
313
151
47
205
105
134
93
123
235
27
44
112
218
141
238
207
250
23
338
59
178
40
76
52
213
272
194
322
108